0.160872
0.653392
0.312321
0.680493
0.12926
0.0976044
0.0914502
0.0864139
0.340499
0.273466
0.522494
0.0270656
0.0662209
0.033314
0.205703
0.0203903
0.244591
0.339089
0.312885
0.663155
0.18747
0.353088
0.329309
0.616097
0.111547
0.507078
0.357341
0.506757
0.579672
0.784362
0.0860426
0.988916
0.360312
0.0989377
0.509965
0.270953
0.0397618
0.00601774
0.176288
0.248288
0.601732
0.609584
0.684201
0.763652
0.916194
0.132582
0.770391
0.11293
0.3622
0.915808
0.109065
0.256786
0.159875
0.547972
0.0176392
0.333325
0.553994
0.428473
0.482975
0.183156
0.53462
0.032474
0.665856
0.425848
0.175218
0.458777
0.641854
0.0721069
0.419689
0.47342
0.722603
0.892596
0.999785
0.521559
0.116291
0.146358
0.583735
0.390375
0.0926102
0.374257
0.913554
0.0240549
0.632162
0.744877
0.104593
0.94207
0.338064
0.0544482
0.123856
0.474907
0.302258
0.429907
0.679276
0.980748
0.399087
0.579904
0.852995
0.57584
0.93974
0.882913
0.237439
0.0407178
0.427519
0.383892
0.345921
0.62608
0.479879
0.657941
0.295322
0.394677
0.256929
0.530647
0.722569
0.420072
0.695894
0.227036
0.992824
0.53405
0.201564
0.0544415
0.0970559
0.967597
0.585532
0.537953
0.0525885
0.35374
0.314661
0.8695
0.10082
0.804903
0.949651
0.184883
0.836722
0.160016
0.939162
0.736932
0.0538476
0.757697
0.530351
0.0698187
0.768559
0.382983
0.336775
0.282412
0.835661
0.862278
0.00954473
0.744085
0.682433
0.528381
0.0973798
0.658917
0.55312
0.56967
0.0725065
0.615142
0.746924
0.0250705
0.894614
0.451282
0.584732
0.95097
0.92796
0.31371
0.115364
0.579525
0.316731
0.50303
0.247082
0.294468
0.824119
0.227517
0.478014
0.451312
0.524822
0.106786
0.866068
0.761881
0.95466
0.520146
0.607738
0.723807
0.936723
0.544532
0.783237
0.989138
0.837201
0.275242
0.314546
0.274652
0.354232
0.816222
0.268124
0.776894
0.840487
0.824202
0.0706862
0.649371
0.447919
0.0135418
0.794812
0.366661
0.946611
0.0827519
0.336822
0.443314
0.527323
0.0337313
0.227267
0.104208
0.61344
0.419851
0.185525
0.736027
0.15755
0.939564
0.177153
0.254283
0.716403
0.313728
0.763043
0.330314
0.659215
0.126998
0.450665
0.279841
0.178898
0.296601
0.882744
0.673419
0.575797
0.128729
0.766507
0.868502
0.321845
0.341266
0.751594
0.82813
0.820066
0.944207
0.03319
0.824195
0.314089
0.596516
0.863006
0.265822
0.861794
0.673996
0.228336
0.335092
0.128051
0.865474
0.0240346
0.587564
0.717752
0.427528
0.528522
0.810637
0.682809
0.849893
0.276709
0.679146
0.50279
0.666305
0.860288
0.160322
0.782605
0.37014
0.124516
0.0766314
0.72841
0.45249
0.204326
0.906229
0.136406
0.44804
0.896504
0.629234
0.416291
0.120339
0.715879
0.823206
0.147108
0.590078
0.328835
0.945042
0.0331153
0.979816
0.154136
0.50337
0.26756
0.34944
0.0786069
0.640879
0.0532919
0.307628
0.183182
0.487497
0.482633
0.819709
0.491044
0.709233
0.032674
0.165757
0.941101
0.231741
0.985022
0.680323
0.00294226
0.108848
0.59697
0.844329
0.665194
0.35223
0.846851
0.419367
0.864041
0.485909
0.20511
0.527456
0.82552
0.518382
0.155337
0.216826
0.0624769
0.284455
0.0847336
0.392961
0.950573
0.698086
0.119207
0.460642
0.0368455
0.520015
0.0110158
0.860588
0.568408
0.596974
0.0515865
0.229763
0.564879
0.452684
0.363668
0.614698
0.384516
0.25687
0.489616
0.501984
0.436414
0.637413
0.528218
0.806998
0.186536
0.64228
0.611483
0.269481
0.734136
0.0855594
0.14852
0.826255
0.670461
0.897894
0.155836
0.0484982
0.428929
0.744632
0.287808
0.720029
0.273397
0.411469
0.713084
0.739947
0.335495
0.33501
0.221848
0.0797246
0.351316
0.987481
0.350207
0.615703
0.695543
0.438795
0.137793
0.262134
0.754242
0.732094
0.694478
0.749192
0.959335
0.559782
0.640241
0.14715
0.910404
0.982404
0.0839683
0.694057
0.451094
0.725472
0.442663
0.720165
0.512971
0.562725
0.59644
0.201347
0.323372
0.371001
0.208503
0.356858
0.799984
0.501452
0.399663
0.166604
0.552963
0.511201
0.714114
0.746079
0.464767
0.670158
0.436435
0.461646
0.385544
0.629979
0.205315
0.238989
0.891123
0.781357
0.325417
0.958194
0.57102
0.0532522
0.257758
0.111398
0.0592719
0.104104
0.279479
0.176275
0.914664
0.974558
0.488578
0.644984
0.173469
0.502412
0.184278
0.130106
0.599021
0.500695
0.301619
0.691948
0.0176089
0.879978
0.0903789
0.0826147
0.938302
0.264139
0.617144
0.296314
0.507362
0.266732
0.744382
0.449577
0.673087
0.635079
0.970811
0.297578
0.528376
0.191915
0.369349
0.0805421
0.877185
0.117021
0.872889
0.864896
0.973347
0.578459
0.946546
0.206697
0.635949
0.590379
0.865594
0.238185
0.23678
0.197772
0.0930001
0.627219
0.891996
0.971777
0.188234
0.535509
0.76544
0.508557
0.902991
0.783074
0.092112
0.790489
0.810155
0.396311
0.530083
0.885086
0.223644
0.0506628
0.55524
0.633408
0.185232
0.648615
0.945844
0.595877
0.928694
0.826493
0.395273
0.186526
0.0427273
0.141135
0.90026
0.298316
0.328764
0.292246
0.366612
0.779844
0.855129
0.0551781
0.916612
0.916366
0.403659
0.690084
0.753188
0.372934
0.966164
0.164616
0.478672
0.339907
0.542958
0.23239
0.10927
0.967376
0.246024
0.0645116
0.915178
0.617062
0.179561
0.671647
0.64318
0.228423
0.112097
0.664167
0.613628
0.673546
0.0519531
0.778701
0.173944
0.239632
0.504911
0.155629
0.524227
0.934696
0.454689
0.67006
0.545869
0.427984
0.588584
0.63807
0.842377
0.808637
0.0135513
0.724853
0.372721
0.412779
0.197282
0.0994563
0.255498
0.476671
0.188735
0.0516042
0.979322
0.253055
0.838075
0.00480795
0.664104
0.892178
0.192457
0.789394
0.129625
0.222649
0.605473
0.503074
0.448949
0.413716
0.113489
0.513398
0.588607
0.856152
0.159866
0.020264
0.846677
0.858389
0.616196
0.362641
0.602514
0.71957
0.5779
0.679736
0.81607
0.412361
0.430658
0.430761
0.847398
0.967745
0.929092
0.437239
0.702005
0.721394
0.0507356
0.540622
0.904353
0.756301
0.741241
0.256264
0.145207
0.152837
0.467826
0.706026
0.508577
0.622893
0.126086
0.17909
0.791075
0.125699
0.818472
0.403423
0.828577
0.794091
0.632116
0.54056
0.533552
0.614913
0.0882853
0.533457
0.0979438
0.249788
0.269318
0.897515
0.969021
0.971881
0.380685
0.825194
0.81267
0.482043
0.379036
0.657767
0.942431
0.492177
0.746896
0.863565
0.949041
0.0809742
0.385584
0.860045
0.885923
0.574291
0.95216
0.0134385
0.16782
0.342599
0.60976
0.998269
0.932646
0.100961
0.778442
0.928206
0.125994
0.793826
0.456888
0.433168
0.243968
0.603014
0.770487
0.292732
0.524854
0.89122
0.431061
0.773205
0.186623
0.612285
0.907347
0.696839
0.0132594
0.804105
0.226104
0.751212
0.380496
0.308033
0.574312
0.0402178
0.415732
0.445666
0.398513
0.616439
0.0523778
0.270623
0.777555
0.570346
0.343077
0.476223
0.87453
0.340278
0.216619
0.220871
0.662906
0.0269425
0.70545
0.627762
0.923743
0.51777
0.0315692
0.71454
0.469892
0.313333
0.892562
0.906263
0.760646
0.0458004
0.417714
0.942462
0.534168
0.269338
0.0516679
0.772981
0.969947
0.975274
0.153364
0.581226
0.727637
0.831665
0.554902
0.191418
0.077671
0.438977
0.989154
0.535536
0.741072
0.682006
0.299468
0.773764
0.698353
0.491993
0.773403
0.17014
0.32096
0.787626
0.596724
0.323598
0.485395
0.972995
0.377297
0.250959
0.795245
0.0752807
0.663509
0.241135
0.490056
0.994678
0.980734
0.954566
0.594874
0.328663
0.894336
0.402472
0.45703
0.541403
0.128104
0.588333
0.673581
0.0749012
0.888132
0.257472
0.75346
0.188065
0.0715411
0.0236611
0.66419
0.391379
0.134517
0.657283
0.810692
0.846968
0.685813
0.481685
0.0464159
0.115225
0.858174
0.778816
0.104887
0.234898
0.933301
0.00796366
0.040758
0.100858
0.477512
0.203731
0.858507
0.973274
0.167041
0.1656
0.669894
0.148585
0.735416
0.311887
0.311213
0.12148
0.762768
0.657324
0.131315
0.233526
0.999495
0.97122
0.640297
0.0911679
0.526533
0.338796
0.088276
0.815409
0.0541544
0.859715
0.0362545
0.832913
0.46978
0.947793
0.650253
0.26629
0.361795
0.697837
0.686014
0.692237
0.698669
0.0488649
0.447677
0.469971
0.994658
0.492547
0.0599419
0.596944
0.188972
0.838357
0.796447
0.373592
0.19266
0.143718
0.640369
0.797386
0.0712052
0.413195
0.0910794
0.587036
0.801181
0.715933
0.504752
0.87239
0.389619
0.468379
0.49763
0.278457
0.986335
0.824092
0.631763
0.720862
0.353111
0.222586
0.480145
0.812859
0.932474
0.922818
0.91943
0.69493
0.22748
0.0940587
0.0979451
0.854049
0.929333
0.941698
0.322656
0.455506
0.436698
0.526021
0.782287
0.0790683
0.531738
0.389686
0.562541
0.109872
0.336178
0.540457
0.288037
0.599361
0.430371
0.0412689
0.762716
0.931687
0.334382
0.554896
0.698763
0.0344501
0.38207
0.131444
0.818567
0.386984
0.489875
0.865283
0.671943
0.632806
0.211656
0.247547
0.216989
0.982023
0.452191
0.940672
0.256282
0.118446
0.601268
0.8732
0.310755
0.769393
0.376771
0.212937
0.0278286
0.735403
0.769397
0.42466
0.536389
0.319634
0.196058
0.182451
0.380514
0.513527
0.767374
0.0274934
0.591204
0.834271
0.877874
0.546023
0.577508
0.261231
0.417978
0.330508
0.879187
0.0940958
0.559584
0.194751
0.850512
0.30793
0.442715
0.27554
0.538561
0.00222898
0.127362
0.188835
0.439741
0.611264
0.610602
0.309816
0.0295052
0.59211
0.692589
0.746694
0.343806
0.617616
0.985617
0.933659
0.898243
0.921061
0.801248
0.286501
0.642626
0.0368063
0.865561
0.168244
0.170845
0.872913
0.435673
0.408166
0.440673
0.268591
0.364352
0.14049
0.936384
0.0542078
0.379058
0.102834
0.216159
0.0660005
0.688335
0.57064
0.246933
0.0620825
0.00520873
0.0194359
0.699638
0.524565
0.188619
0.0425082
0.419884
0.790622
